ALUE	YEAR	MONTH	meanT
1	1960	1	-10.78903409
1	1960	2	-10.75340909
1	1960	3	-4.691079545
1	1960	4	1.585681818
1	1960	5	10.45119318
1	1960	6	15.36880682
1	1960	7	17.82926136
1	1960	8	14.62255682
1	1960	9	9.076875
1	1960	10	1.053295455
1	1960	11	-2.374147727
1	1960	12	-2.803579545
1	1961	1	-5.419602273
1	1961	2	-2.149090909
1	1961	3	-1.503977273
1	1961	4	0.783636364
1	1961	5	8.627840909
1	1961	6	16.30528409
1	1961	7	15.87738636
1	1961	8	13.46568182
1	1961	9	8.683920455
1	1961	10	7.981647727
1	1961	11	0.823579545
1	1961	12	-7.019886364
1	1962	1	-5.838409091
1	1962	2	-6.939375
1	1962	3	-9.561477273
1	1962	4	3.393352273
1	1962	5	7.88375
1	1962	6	11.41755682
1	1962	7	13.72875
1	1962	8	11.83522727
1	1962	9	8.545625
1	1962	10	5.520227273
1	1962	11	0.388181818
1	1962	12	-9.007840909
1	1963	1	-11.79647727
1	1963	2	-12.52784091
1	1963	3	-10.19380682
1	1963	4	1.843806818
1	1963	5	12.21625
1	1963	6	12.90664773
1	1963	7	15.71772727
1	1963	8	15.22596591
1	1963	9	11.63755682
1	1963	10	4.800738636
1	1963	11	-1.264943182
1	1963	12	-6.1875
1	1964	1	-4.201306818
1	1964	2	-10.74880682
1	1964	3	-6.273125
1	1964	4	1.687613636
1	1964	5	8.643068182
1	1964	6	13.17244318
1	1964	7	15.63477273
1	1964	8	13.46392045
1	1964	9	8.755113636
1	1964	10	6.096079545
1	1964	11	-2.486022727
1	1964	12	-4.242159091
1	1965	1	-5.4475
1	1965	2	-9.41125
1	1965	3	-5.126477273
1	1965	4	2.184772727
1	1965	5	5.720965909
1	1965	6	14.134375
1	1965	7	13.86539773
1	1965	8	13.23272727
1	1965	9	11.29988636
1	1965	10	4.314488636
1	1965	11	-6.40375
1	1965	12	-6.424943182
1	1966	1	-16.40159091
1	1966	2	-16.99335227
1	1966	3	-5.866477273
1	1966	4	-1.020965909
1	1966	5	8.643125
1	1966	6	16.25113636
1	1966	7	16.45545455
1	1966	8	13.29534091
1	1966	9	7.358352273
1	1966	10	3.468238636
1	1966	11	0.789488636
1	1966	12	-6.757159091
1	1967	1	-13.49346591
1	1967	2	-6.987897727
1	1967	3	-0.045568182
1	1967	4	2.205909091
1	1967	5	8.405284091
1	1967	6	12.87948864
1	1967	7	15.86232955
1	1967	8	15.75897727
1	1967	9	10.86551136
1	1967	10	6.382613636
1	1967	11	2.290511364
1	1967	12	-12.47295455
1	1968	1	-17.709375
1	1968	2	-7.833522727
1	1968	3	-2.569602273
1	1968	4	2.543409091
1	1968	5	6.660397727
1	1968	6	15.64329545
1	1968	7	14.32647727
1	1968	8	14.73096591
1	1968	9	8.541193182
1	1968	10	0.252840909
1	1968	11	-3.410568182
1	1968	12	-3.524886364
1	1969	1	-12.53931818
1	1969	2	-12.03710227
1	1969	3	-7.384545455
1	1969	4	1.895738636
1	1969	5	7.492159091
1	1969	6	14.42988636
1	1969	7	15.83022727
1	1969	8	15.68965909
1	1969	9	8.501420455
1	1969	10	4.206647727
1	1969	11	-1.273181818
1	1969	12	-8.831534091
1	1970	1	-11.22857955
1	1970	2	-14.71221591
1	1970	3	-2.975625
1	1970	4	0.466136364
1	1970	5	8.454034091
1	1970	6	16.3425
1	1970	7	16.21005682
1	1970	8	14.439375
1	1970	9	8.846193182
1	1970	10	3.079488636
1	1970	11	-2.969090909
1	1970	12	-4.613352273
1	1971	1	-4.129545455
1	1971	2	-8.876420455
1	1971	3	-6.83875
1	1971	4	0.250852273
1	1971	5	8.610113636
1	1971	6	13.30903409
1	1971	7	15.851875
1	1971	8	14.39119318
1	1971	9	7.747954545
1	1971	10	2.821590909
1	1971	11	-3.800852273
1	1971	12	-5.154090909
1	1972	1	-10.26471591
1	1972	2	-6.672102273
1	1972	3	-4.297556818
1	1972	4	1.12625
1	1972	5	8.269204545
1	1972	6	16.23801136
1	1972	7	19.25528409
1	1972	8	15.62852273
1	1972	9	9.027045455
1	1972	10	3.567840909
1	1972	11	-1.281761364
1	1972	12	0.70875
1	1973	1	-3.870909091
1	1973	2	-6.212784091
1	1973	3	-2.34875
1	1973	4	1.878409091
1	1973	5	9.228409091
1	1973	6	15.79017045
1	1973	7	19.18102273
1	1973	8	13.73909091
1	1973	9	5.840625
1	1973	10	0.882840909
1	1973	11	-4.259147727
1	1973	12	-9.741306818
1	1974	1	-5.551590909
1	1974	2	-1.484659091
1	1974	3	-2.520056818
1	1974	4	1.213465909
1	1974	5	6.273238636
1	1974	6	14.32301136
1	1974	7	15.65454545
1	1974	8	13.96721591
1	1974	9	11.34715909
1	1974	10	4.136420455
1	1974	11	0.176534091
1	1974	12	-0.689147727
1	1975	1	-3.511079545
1	1975	2	-4.857386364
1	1975	3	-0.966534091
1	1975	4	2.230227273
1	1975	5	10.506875
1	1975	6	12.64505682
1	1975	7	16.40551136
1	1975	8	14.30511364
1	1975	9	11.43994318
1	1975	10	3.586931818
1	1975	11	-0.252784091
1	1975	12	-3.892897727
1	1976	1	-13.40153409
1	1976	2	-8.935795455
1	1976	3	-7.046306818
1	1976	4	0.916079545
1	1976	5	10.17460227
1	1976	6	11.48460227
1	1976	7	14.52301136
1	1976	8	13.93511364
1	1976	9	6.398579545
1	1976	10	-0.130284091
1	1976	11	-1.3
1	1976	12	-5.965909091
1	1977	1	-7.564488636
1	1977	2	-10.38022727
1	1977	3	-3.340852273
1	1977	4	0.649090909
1	1977	5	8.177102273
1	1977	6	13.68943182
1	1977	7	14.69778409
1	1977	8	13.25732955
1	1977	9	7.451931818
1	1977	10	3.307329545
1	1977	11	-0.026306818
1	1977	12	-6.520397727
1	1978	1	-8.364772727
1	1978	2	-14.68806818
1	1978	3	-3.864886364
1	1978	4	0.404886364
1	1978	5	9.491477273
1	1978	6	13.90619318
1	1978	7	15.06670455
1	1978	8	12.67369318
1	1978	9	7.600965909
1	1978	10	2.562727273
1	1978	11	0.35625
1	1978	12	-15.14534091
1	1979	1	-10.65403409
1	1979	2	-11.59488636
1	1979	3	-2.359147727
1	1979	4	0.454772727
1	1979	5	10.14653409
1	1979	6	15.02323864
1	1979	7	15.09477273
1	1979	8	15.08920455
1	1979	9	8.784772727
1	1979	10	2.311534091
1	1979	11	0.005511364
1	1979	12	-5.957272727
1	1980	1	-10.41551136
1	1980	2	-10.41494318
1	1980	3	-7.232329545
1	1980	4	3.198806818
1	1980	5	6.854375
1	1980	6	16.80420455
1	1980	7	16.33267045
1	1980	8	13.91221591
1	1980	9	9.529602273
1	1980	10	3.795738636
1	1980	11	-5.111079545
1	1980	12	-5.930852273
1	1981	1	-6.119318182
1	1981	2	-8.700340909
1	1981	3	-8.238863636
1	1981	4	0.412272727
1	1981	5	10.37914773
1	1981	6	12.57227273
1	1981	7	16.71613636
1	1981	8	13.06403409
1	1981	9	8.881022727
1	1981	10	5.072727273
1	1981	11	-1.411534091
1	1981	12	-8.814772727
1	1982	1	-14.13659091
1	1982	2	-7.736193182
1	1982	3	-1.285511364
1	1982	4	1.659318182
1	1982	5	8.109545455
1	1982	6	10.48130682
1	1982	7	16.48261364
1	1982	8	14.68903409
1	1982	9	9.004545455
1	1982	10	3.103636364
1	1982	11	2.094715909
1	1982	12	-2.390227273
1	1983	1	-4.098920455
1	1983	2	-10.54653409
1	1983	3	-3.979090909
1	1983	4	4.097159091
1	1983	5	10.76926136
1	1983	6	13.23977273
1	1983	7	16.86210227
1	1983	8	13.95147727
1	1983	9	10.58971591
1	1983	10	4.435795455
1	1983	11	-4.432840909
1	1983	12	-5.405511364
1	1984	1	-7.259375
1	1984	2	-6.564886364
1	1984	3	-5.930625
1	1984	4	3.639431818
1	1984	5	12.55005682
1	1984	6	13.45710227
1	1984	7	15.246875
1	1984	8	13.59767045
1	1984	9	8.824545455
1	1984	10	5.664886364
1	1984	11	-0.580852273
1	1984	12	-4.19875
1	1985	1	-18.93204545
1	1985	2	-17.96710227
1	1985	3	-3.094261364
1	1985	4	-0.264545455
1	1985	5	7.784715909
1	1985	6	13.16210227
1	1985	7	15.34022727
1	1985	8	15.25193182
1	1985	9	8.936647727
1	1985	10	5.549545455
1	1985	11	-2.853522727
1	1985	12	-9.525965909
1	1986	1	-11.39920455
1	1986	2	-13.19198864
1	1986	3	-1.21375
1	1986	4	1.255795455
1	1986	5	9.893352273
1	1986	6	16.45369318
1	1986	7	16.48738636
1	1986	8	12.40465909
1	1986	9	6.037045455
1	1986	10	4.541704545
1	1986	11	2.356079545
1	1986	12	-10.99619318
1	1987	1	-20.35323864
1	1987	2	-9.585965909
1	1987	3	-7.190909091
1	1987	4	1.362897727
1	1987	5	7.318579545
1	1987	6	12.76568182
1	1987	7	14.53875
1	1987	8	11.18164773
1	1987	9	7.934545455
1	1987	10	6.08375
1	1987	11	-2.978352273
1	1987	12	-7.661193182
1	1988	1	-5.604943182
1	1988	2	-6.521818182
1	1988	3	-3.896022727
1	1988	4	0.209829545
1	1988	5	10.21028409
1	1988	6	16.03664773
1	1988	7	19.11596591
1	1988	8	13.67335227
1	1988	9	10.33795455
1	1988	10	3.669147727
1	1988	11	-5.290852273
1	1988	12	-8.548409091
1	1989	1	-2.0525
1	1989	2	-1.430625
1	1989	3	0.486193182
1	1989	4	4.367045455
1	1989	5	10.14176136
1	1989	6	15.65028409
1	1989	7	16.336875
1	1989	8	13.91409091
1	1989	9	10.52403409
1	1989	10	3.658863636
1	1989	11	-0.835795455
1	1989	12	-7.118068182
1	1990	1	-7.612556818
1	1990	2	0.174204545
1	1990	3	-0.672954545
1	1990	4	4.659090909
1	1990	5	8.663693182
1	1990	6	13.40329545
1	1990	7	15.24011364
1	1990	8	14.77943182
1	1990	9	7.543693182
1	1990	10	4.033125
1	1990	11	-3.611761364
1	1990	12	-2.545909091
1	1991	1	-6.120625
1	1991	2	-9.1375
1	1991	3	-2.657329545
1	1991	4	2.754886364
1	1991	5	6.792840909
1	1991	6	12.54886364
1	1991	7	16.56863636
1	1991	8	15.54505682
1	1991	9	8.460113636
1	1991	10	5.054886364
1	1991	11	1.974545455
1	1991	12	-3.033522727
1	1992	1	-4.035568182
1	1992	2	-3.725056818
1	1992	3	-0.12125
1	1992	4	-0.030795455
1	1992	5	10.48505682
1	1992	6	15.43477273
1	1992	7	15.07755682
1	1992	8	13.34028409
1	1992	9	11.10914773
1	1992	10	-1.670340909
1	1992	11	-4.002784091
1	1992	12	-0.777329545
1	1993	1	-3.960170455
1	1993	2	-4.615681818
1	1993	3	-1.732784091
1	1993	4	1.957840909
1	1993	5	11.74005682
1	1993	6	10.82056818
1	1993	7	15.44522727
1	1993	8	12.81340909
1	1993	9	5.219545455
1	1993	10	2.098011364
1	1993	11	-4.766022727
1	1993	12	-5.28125
1	1994	1	-7.072386364
1	1994	2	-15.02
1	1994	3	-4.018409091
1	1994	4	3.960625
1	1994	5	7.005738636
1	1994	6	12.56522727
1	1994	7	18.26096591
1	1994	8	14.54102273
1	1994	9	9.490227273
1	1994	10	3.414886364
1	1994	11	-2.308693182
1	1994	12	-2.168181818
1	1995	1	-4.707329545
1	1995	2	-2.519261364
1	1995	3	-0.819261364
1	1995	4	1.769829545
1	1995	5	8.111931818
1	1995	6	16.36732955
1	1995	7	14.78159091
1	1995	8	14.531875
1	1995	9	9.626534091
1	1995	10	6.683636364
1	1995	11	-3.861136364
1	1995	12	-10.13755682
1	1996	1	-6.860284091
1	1996	2	-12.49477273
1	1996	3	-4.528465909
1	1996	4	1.677443182
1	1996	5	7.674545455
1	1996	6	12.99045455
1	1996	7	14.01125
1	1996	8	16.51278409
1	1996	9	7.768295455
1	1996	10	5.449488636
1	1996	11	1.611647727
1	1996	12	-7.469659091
1	1997	1	-7.250170455
1	1997	2	-5.843977273
1	1997	3	-2.455681818
1	1997	4	-0.040113636
1	1997	5	6.883579545
1	1997	6	15.64380682
1	1997	7	18.01727273
1	1997	8	16.81113636
1	1997	9	9.683579545
1	1997	10	1.676193182
1	1997	11	-1.709943182
1	1997	12	-5.219261364
1	1998	1	-4.069147727
1	1998	2	-8.495511364
1	1998	3	-6.460397727
1	1998	4	0.898522727
1	1998	5	8.126363636
1	1998	6	13.40329545
1	1998	7	15.78755682
1	1998	8	12.83835227
1	1998	9	10.14846591
1	1998	10	4.574772727
1	1998	11	-4.200568182
1	1998	12	-4.9175
1	1999	1	-9.231988636
1	1999	2	-9.369261364
1	1999	3	-2.921931818
1	1999	4	4.297727273
1	1999	5	6.522556818
1	1999	6	17.51022727
1	1999	7	17.16880682
1	1999	8	13.40767045
1	1999	9	10.81147727
1	1999	10	5.522215909
1	1999	11	0.359943182
1	1999	12	-4.798920455
1	2000	1	-5.120909091
1	2000	2	-4.579261364
1	2000	3	-2.811193182
1	2000	4	4.126079545
1	2000	5	9.514886364
1	2000	6	13.62721591
1	2000	7	16.27295455
1	2000	8	14.03414773
1	2000	9	8.433181818
1	2000	10	7.454829545
1	2000	11	2.403465909
1	2000	12	-1.155113636
1	2001	1	-3.709545455
1	2001	2	-10.08147727
1	2001	3	-6.276761364
1	2001	4	4.376420455
1	2001	5	7.805795455
1	2001	6	13.91636364
1	2001	7	18.70267045
1	2001	8	14.71994318
1	2001	9	10.71142045
1	2001	10	5.98625
1	2001	11	-2.121818182
1	2001	12	-9.849659091
1	2002	1	-6.450852273
1	2002	2	-2.755170455
1	2002	3	-1.831875
1	2002	4	3.928920455
1	2002	5	10.70914773
1	2002	6	15.46903409
1	2002	7	18.19113636
1	2002	8	17.188125
1	2002	9	9.171647727
1	2002	10	-0.623409091
1	2002	11	-5.299602273
1	2002	12	-10.82590909
1	2003	1	-13.13903409
1	2003	2	-6.981477273
1	2003	3	-1.602670455
1	2003	4	1.110454545
1	2003	5	9.607670455
1	2003	6	12.19045455
1	2003	7	19.71579545
1	2003	8	14.70056818
1	2003	9	10.22488636
1	2003	10	2.739602273
1	2003	11	0.955965909
1	2003	12	-3.087613636
1	2004	1	-8.90875
1	2004	2	-6.751931818
1	2004	3	-2.487272727
1	2004	4	3.459090909
1	2004	5	8.904943182
1	2004	6	12.38329545
1	2004	7	16.03323864
1	2004	8	15.13590909
1	2004	9	11.10363636
1	2004	10	4.075056818
1	2004	11	-1.696988636
1	2004	12	-2.497954545
1	2005	1	-3.051988636
1	2005	2	-7.101590909
1	2005	3	-7.543693182
1	2005	4	3.254204545
1	2005	5	8.739488636
1	2005	6	13.82994318
1	2005	7	18.02909091
1	2005	8	15.36840909
1	2005	9	10.92465909
1	2005	10	5.856988636
1	2005	11	3.076420455
1	2005	12	-5.437386364
1	2006	1	-6.366931818
1	2006	2	-11.03198864
1	2006	3	-8.794488636
1	2006	4	3.017329545
1	2006	5	9.580454545
1	2006	6	15.15181818
1	2006	7	17.27039773
1	2006	8	17.346875
1	2006	9	12.03704545
1	2006	10	5.392386364
1	2006	11	-0.082556818
1	2006	12	1.518920455
1	2007	1	-5.205795455
1	2007	2	-13.35471591
1	2007	3	1.335284091
1	2007	4	3.668522727
1	2007	5	9.428920455
1	2007	6	14.29613636
1	2007	7	16.24539773
1	2007	8	16.12392045
1	2007	9	9.310852273
1	2007	10	5.689602273
1	2007	11	-1.286875
1	2007	12	0.275340909
1	2008	1	-2.520340909
1	2008	2	-2.113181818
1	2008	3	-2.754261364
1	2008	4	3.994886364
1	2008	5	8.777272727
1	2008	6	13.16914773
1	2008	7	15.54113636
1	2008	8	13.21409091
1	2008	9	8.133579545
1	2008	10	6.337556818
1	2008	11	0.857613636
1	2008	12	-1.093238636
1	2009	1	-6.549375
1	2009	2	-7.094715909
1	2009	3	-3.218238636
1	2009	4	2.629431818
1	2009	5	10.54
1	2009	6	13.15613636
1	2009	7	16.00261364
1	2009	8	15.04017045
1	2009	9	11.41159091
1	2009	10	1.745170455
1	2009	11	1.168465909
1	2009	12	-7.786818182
1	2010	1	-14.43965909
1	2010	2	-11.09244318
1	2010	3	-4.387727273
1	2010	4	3.442272727
1	2010	5	10.92017045
1	2010	6	13.26897727
1	2010	7	20.87965909
1	2010	8	16.00511364
1	2010	9	10.06335227
1	2010	10	3.838238636
1	2010	11	-3.880852273
1	2010	12	-12.63681818
1	2011	1	-7.678465909
1	2011	2	-13.86670455
1	2011	3	-3.063522727
1	2011	4	4.386477273
1	2011	5	9.419829545
1	2011	6	16.07909091
1	2011	7	19.20346591
1	2011	8	15.35369318
1	2011	9	11.52647727
1	2011	10	6.031761364
1	2011	11	2.738295455
1	2011	12	0.602386364
1	2012	1	-7.692386364
1	2012	2	-10.42289773
1	2012	3	-1.573011364
1	2012	4	1.834431818
1	2012	5	9.591136364
1	2012	6	12.811875
1	2012	7	16.87954545
1	2012	8	14.32289773
1	2012	9	10.23948864
1	2012	10	4.287613636
1	2012	11	1.556875
1	2012	12	-9.964488636
1	2013	1	-6.846761364
1	2013	2	-3.745511364
1	2013	3	-8.601079545
1	2013	4	1.781363636
1	2013	5	12.27409091
1	2013	6	16.75068182
1	2013	7	16.31948864
1	2013	8	15.66039773
1	2013	9	10.76789773
1	2013	10	5.080284091
1	2013	11	1.834943182
1	2013	12	-0.332840909
1	2014	1	-9.330454545
1	2014	2	-0.981590909
1	2014	3	0.686022727
1	2014	4	3.899261364
1	2014	5	9.622784091
1	2014	6	12.56880682
1	2014	7	19.17886364
1	2014	8	16.165
1	2014	9	10.76960227
1	2014	10	3.751477273
1	2014	11	0.636875
1	2014	12	-2.536988636
1	2015	1	-5.116306818
1	2015	2	-1.656647727
1	2015	3	0.289090909
1	2015	4	3.632613636
1	2015	5	8.749943182
1	2015	6	12.46795455
1	2015	7	14.865
1	2015	8	15.76954545
1	2015	9	11.48471591
1	2015	10	4.422215909
1	2015	11	2.946477273
1	2015	12	0.417613636
1	2016	1	-13.13778409
1	2016	2	-2.272954545
1	2016	3	-1.053238636
1	2016	4	3.735681818
1	2016	5	12.29346591
1	2016	6	14.30181818
1	2016	7	17.02278409
1	2016	8	14.72039773
1	2016	9	10.89380682
1	2016	10	3.374545455
1	2016	11	-2.287159091
1	2016	12	-2.464943182
1	2017	1	-4.37
1	2017	2	-5.428693182
1	2017	3	-0.749943182
1	2017	4	0.758125
1	2017	5	7.083579545
1	2017	6	12.55926136
1	2017	7	14.91210227
1	2017	8	14.53659091
1	2017	9	9.782670455
1	2017	10	3.978352273
1	2017	11	1.157784091
1	2017	12	-0.928693182
1	2018	1	-4.617272727
1	2018	2	-10.49704545
1	2018	3	-6.905
1	2018	4	3.092272727
1	2018	5	13.36897727
1	2018	6	13.83164773
1	2018	7	20.00886364
1	2018	8	16.78710227
1	2018	9	11.72755682
1	2018	10	4.978522727
1	2018	11	1.748295455
1	2018	12	-3.708011364
1	2019	1	-9.053977273
1	2019	2	-2.974375
1	2019	3	-1.930340909
1	2019	4	4.812840909
1	2019	5	8.939772727
1	2019	6	16.05602273
1	2019	7	15.56170455
1	2019	8	15.00227273
1	2019	9	9.686875
1	2019	10	3.280852273
1	2019	11	-0.374886364
1	2019	12	-0.488352273
1	2020	1	0.005738636
1	2020	2	-1.665284091
2	1960	1	-15.01935484
2	1960	2	-14.89873498
2	1960	3	-5.649525617
2	1960	4	0.422390892
2	1960	5	8.705313093
2	1960	6	12.45629349
2	1960	7	17.74035421
2	1960	8	12.9970272
2	1960	9	7.194054396
2	1960	10	-3.787160025
2	1960	11	-7.243959519
2	1960	12	-8.491587603
2	1961	1	-9.661859583
2	1961	2	-7.889753321
2	1961	3	-5.624731183
2	1961	4	-3.587096774
2	1961	5	4.202403542
2	1961	6	13.9426945
2	1961	7	15.48462998
2	1961	8	11.90037951
2	1961	9	6.745098039
2	1961	10	5.799873498
2	1961	11	-2.643074004
2	1961	12	-13.04788109
2	1962	1	-12.96533839
2	1962	2	-10.57223276
2	1962	3	-14.33946869
2	1962	4	0.425996205
2	1962	5	4.70512334
2	1962	6	9.379759646
2	1962	7	11.36957622
2	1962	8	9.827577483
2	1962	9	6.197596458
2	1962	10	1.329095509
2	1962	11	-2.601265022
2	1962	12	-14.22239089
2	1963	1	-14.94585705
2	1963	2	-15.03965844
2	1963	3	-12.98880455
2	1963	4	-0.497596458
2	1963	5	10.49664769
2	1963	6	9.71600253
2	1963	7	12.89493991
2	1963	8	12.49816572
2	1963	9	9.124098672
2	1963	10	1.60113852
2	1963	11	-5.77084124
2	1963	12	-10.52454143
2	1964	1	-6.769512966
2	1964	2	-13.83263757
2	1964	3	-8.343833017
2	1964	4	-2.222770398
2	1964	5	5.915496521
2	1964	6	10.24971537
2	1964	7	14.05958254
2	1964	8	11.42435168
2	1964	9	5.589247312
2	1964	10	3.517583808
2	1964	11	-6.658064516
2	1964	12	-9.208159393
2	1965	1	-10.97703985
2	1965	2	-12.32314991
2	1965	3	-9.278621126
2	1965	4	-1.044402277
2	1965	5	2.304301075
2	1965	6	11.08608476
2	1965	7	11.81100569
2	1965	8	10.73219481
2	1965	9	7.873434535
2	1965	10	0.440417457
2	1965	11	-10.05376344
2	1965	12	-13.08595825
2	1966	1	-19.88355471
2	1966	2	-21.99329538
2	1966	3	-14.02662872
2	1966	4	-3.914611006
2	1966	5	4.761290323
2	1966	6	13.24123972
2	1966	7	14.38513599
2	1966	8	10.68652751
2	1966	9	4.074193548
2	1966	10	-1.59259962
2	1966	11	-2.714674257
2	1966	12	-9.938962682
2	1967	1	-18.17039848
2	1967	2	-9.009993675
2	1967	3	-3.040164453
2	1967	4	-0.379633144
2	1967	5	4.906514864
2	1967	6	10.81473751
2	1967	7	13.7857685
2	1967	8	14.09854522
2	1967	9	8.132321316
2	1967	10	1.114231499
2	1967	11	-0.66059456
2	1967	12	-18.22688172
2	1968	1	-19.36774194
2	1968	2	-14.33750791
2	1968	3	-7.134092347
2	1968	4	-1.840796964
2	1968	5	2.511827957
2	1968	6	11.89778621
2	1968	7	11.44035421
2	1968	8	10.98146743
2	1968	9	4.465528147
2	1968	10	-5.413662239
2	1968	11	-5.932447818
2	1968	12	-5.785958254
2	1969	1	-15.04301075
2	1969	2	-16.86040481
2	1969	3	-10.37122075
2	1969	4	-2.624541429
2	1969	5	3.073181531
2	1969	6	11.07666034
2	1969	7	13.97558507
2	1969	8	13.34952562
2	1969	9	5.474826059
2	1969	10	1.303478811
2	1969	11	-5.750727388
2	1969	12	-10.87817837
2	1970	1	-13.82106262
2	1970	2	-18.53782416
2	1970	3	-5.512839975
2	1970	4	-4.091903858
2	1970	5	4.791840607
2	1970	6	14.41745731
2	1970	7	15.40018975
2	1970	8	12.79620493
2	1970	9	6.557558507
2	1970	10	0.511574953
2	1970	11	-8.257432005
2	1970	12	-8.88741303
2	1971	1	-10.94060721
2	1971	2	-14.60575585
2	1971	3	-12.18285895
2	1971	4	-3.804996837
2	1971	5	4.162175838
2	1971	6	10.97381404
2	1971	7	13.20803289
2	1971	8	11.87963314
2	1971	9	5.12055661
2	1971	10	-1.006957622
2	1971	11	-10.63421885
2	1971	12	-9.386464263
2	1972	1	-10.66464263
2	1972	2	-11.16900696
2	1972	3	-6.407906388
2	1972	4	-1.424161923
2	1972	5	4.361796331
2	1972	6	14.28633776
2	1972	7	17.46375712
2	1972	8	13.1055661
2	1972	9	6.263377609
2	1972	10	0.140354206
2	1972	11	-7.460974067
2	1972	12	-2.863567362
2	1973	1	-8.075774826
2	1973	2	-11.05629349
2	1973	3	-6.181214421
2	1973	4	-1.208665402
2	1973	5	5.157368754
2	1973	6	13.15724225
2	1973	7	17.91315623
2	1973	8	10.88102467
2	1973	9	3.412144213
2	1973	10	-3.716888046
2	1973	11	-9.745098039
2	1973	12	-15.81638204
2	1974	1	-9.487033523
2	1974	2	-6.499683744
2	1974	3	-4.691967109
2	1974	4	-1.046552815
2	1974	5	3.888108792
2	1974	6	13.13434535
2	1974	7	15.19108159
2	1974	8	12.35585073
2	1974	9	9.078178368
2	1974	10	0.573308033
2	1974	11	-5.247817837
2	1974	12	-4.409930424
2	1975	1	-10.40948767
2	1975	2	-8.494813409
2	1975	3	-3.149905123
2	1975	4	-1.31201771
2	1975	5	6.831878558
2	1975	6	9.684946237
2	1975	7	12.73858318
2	1975	8	10.22150538
2	1975	9	7.903478811
2	1975	10	0.198102467
2	1975	11	-4.216951297
2	1975	12	-10.90189753
2	1976	1	-17.90126502
2	1976	2	-11.07583808
2	1976	3	-9.568500949
2	1976	4	-1.57197976
2	1976	5	7.101391524
2	1976	6	9.264516129
2	1976	7	12.91581278
2	1976	8	11.99196711
2	1976	9	3.599810247
2	1976	10	-2.911764706
2	1976	11	-7.046552815
2	1976	12	-10.3230234
2	1977	1	-12.08640101
2	1977	2	-13.32220114
2	1977	3	-7.544655281
2	1977	4	-2.605882353
2	1977	5	4.066982922
2	1977	6	10.24920936
2	1977	7	13.64560405
2	1977	8	10.66963947
2	1977	9	4.864452878
2	1977	10	-1.323339658
2	1977	11	-4.453383934
2	1977	12	-10.41302973
2	1978	1	-13.54667932
2	1978	2	-15.87583808
2	1978	3	-7.18570525
2	1978	4	-3.045224541
2	1978	5	6.036938646
2	1978	6	11.33383934
2	1978	7	13.30480708
2	1978	8	10.33023403
2	1978	9	5.544528779
2	1978	10	-0.941619228
2	1978	11	-6.308349146
2	1978	12	-19.06185958
2	1979	1	-16.42523719
2	1979	2	-14.05053763
2	1979	3	-6.023213156
2	1979	4	-3.127134725
2	1979	5	6.152877925
2	1979	6	12.38760278
2	1979	7	14.49797596
2	1979	8	12.7456673
2	1979	9	6.618153068
2	1979	10	-2.354648956
2	1979	11	-4.718216319
2	1979	12	-8.874636306
2	1980	1	-14.93934219
2	1980	2	-14.985895
2	1980	3	-9.788235294
2	1980	4	0.322201139
2	1980	5	4.71087919
2	1980	6	14.85509171
2	1980	7	14.4054396
2	1980	8	11.51524352
2	1980	9	6.848893106
2	1980	10	-0.920113852
2	1980	11	-11.03883618
2	1980	12	-13.37716635
2	1981	1	-11.63617963
2	1981	2	-14.03086654
2	1981	3	-13.27975965
2	1981	4	-2.411764706
2	1981	5	6.267172676
2	1981	6	8.954648956
2	1981	7	14.41334598
2	1981	8	10.55009488
2	1981	9	6.086021505
2	1981	10	1.486021505
2	1981	11	-5.861100569
2	1981	12	-16.20917141
2	1982	1	-18.32890576
2	1982	2	-9.113598988
2	1982	3	-5.161859583
2	1982	4	-0.790196078
2	1982	5	4.763061354
2	1982	6	7.259582543
2	1982	7	14.54256799
2	1982	8	11.29082859
2	1982	9	6.243137255
2	1982	10	-0.020493359
2	1982	11	-2.90917141
2	1982	12	-7.471790006
2	1983	1	-9.68001265
2	1983	2	-12.31037318
2	1983	3	-6.725047438
2	1983	4	1.150664137
2	1983	5	6.918785579
2	1983	6	11.00847565
2	1983	7	14.58671727
2	1983	8	10.41075269
2	1983	9	8.100632511
2	1983	10	0.564389627
2	1983	11	-11.84395952
2	1983	12	-13.02422517
2	1984	1	-12.90215054
2	1984	2	-6.959582543
2	1984	3	-9.020999367
2	1984	4	0.16970272
2	1984	5	9.64516129
2	1984	6	11.66628716
2	1984	7	12.86654016
2	1984	8	10.80430108
2	1984	9	5.574383302
2	1984	10	0.672043011
2	1984	11	-6.603162555
2	1984	12	-7.348640101
2	1985	1	-22.63959519
2	1985	2	-21.56578115
2	1985	3	-6.103921569
2	1985	4	-3.49658444
2	1985	5	3.311891208
2	1985	6	11.35926629
2	1985	7	14.45110689
2	1985	8	12.41100569
2	1985	9	6.6943074
2	1985	10	1.460974067
2	1985	11	-6.877988615
2	1985	12	-17.49101834
2	1986	1	-17.45812777
2	1986	2	-14.49399114
2	1986	3	-3.564769133
2	1986	4	-2.366793169
2	1986	5	6.046742568
2	1986	6	14.44433903
2	1986	7	14.19316888
2	1986	8	9.404237824
2	1986	9	3.49658444
2	1986	10	1.937381404
2	1986	11	-2.099304238
2	1986	12	-17.30006325
2	1987	1	-20.54516129
2	1987	2	-14.37457306
2	1987	3	-9.632258065
2	1987	4	-2.021442125
2	1987	5	4.842947502
2	1987	6	10.54775459
2	1987	7	12.26325111
2	1987	8	9.122643896
2	1987	9	6.122011385
2	1987	10	5.151296648
2	1987	11	-7.924604681
2	1987	12	-14.67096774
2	1988	1	-11.24395952
2	1988	2	-11.6372549
2	1988	3	-7.171030993
2	1988	4	-3.147881088
2	1988	5	6.141366224
2	1988	6	13.1455408
2	1988	7	16.79664769
2	1988	8	11.70063251
2	1988	9	7.871916509
2	1988	10	0.395888678
2	1988	11	-10.099747
2	1988	12	-13.94819734
2	1989	1	-7.671790006
2	1989	2	-7.244845035
2	1989	3	-2.352498419
2	1989	4	2.023908918
2	1989	5	7.242631246
2	1989	6	13.3283365
2	1989	7	13.67703985
2	1989	8	12.24939911
2	1989	9	7.429032258
2	1989	10	-0.369892473
2	1989	11	-4.05945604
2	1989	12	-11.62542694
2	1990	1	-14.6627451
2	1990	2	-2.531562302
2	1990	3	-5.258760278
2	1990	4	1.090955092
2	1990	5	5.142947502
2	1990	6	11.10183428
2	1990	7	13.68545225
2	1990	8	12.43472486
2	1990	9	5.47254902
2	1990	10	0.653194181
2	1990	11	-8.885262492
2	1990	12	-5.382226439
2	1991	1	-11.17033523
2	1991	2	-14.11910183
2	1991	3	-8.079380139
2	1991	4	-0.020872865
2	1991	5	3.632700822
2	1991	6	10.58361796
2	1991	7	14.02024035
2	1991	8	12.92068311
2	1991	9	4.894054396
2	1991	10	1.405566097
2	1991	11	-2.849082859
2	1991	12	-7.33655914
2	1992	1	-7.968184693
2	1992	2	-6.579886148
2	1992	3	-3.067362429
2	1992	4	-3.903478811
2	1992	5	7.445034788
2	1992	6	13.26907021
2	1992	7	12.03826692
2	1992	8	9.791650854
2	1992	9	8.803921569
2	1992	10	-7.049588868
2	1992	11	-8.879633144
2	1992	12	-4.228146743
2	1993	1	-8.523276407
2	1993	2	-8.498545225
2	1993	3	-5.960721063
2	1993	4	-1.894623656
2	1993	5	6.504996837
2	1993	6	8.09025933
2	1993	7	14.35502846
2	1993	8	11.16495889
2	1993	9	2.853510436
2	1993	10	-2.608349146
2	1993	11	-5.655724225
2	1993	12	-9.89259962
2	1994	1	-14.54845035
2	1994	2	-14.54680582
2	1994	3	-6.669892473
2	1994	4	1.495382669
2	1994	5	3.999810247
2	1994	6	10.9570525
2	1994	7	14.97773561
2	1994	8	12.45629349
2	1994	9	5.998608476
2	1994	10	-0.21884883
2	1994	11	-6.796710942
2	1994	12	-5.363124605
2	1995	1	-8.431372549
2	1995	2	-7.192536369
2	1995	3	-3.461669829
2	1995	4	-1.359519292
2	1995	5	4.382036686
2	1995	6	13.36344086
2	1995	7	12.42371917
2	1995	8	11.62207464
2	1995	9	6.383111954
2	1995	10	1.124604681
2	1995	11	-9.946236559
2	1995	12	-14.54611006
2	1996	1	-8.169955724
2	1996	2	-13.92390892
2	1996	3	-6.131562302
2	1996	4	-1.994623656
2	1996	5	3.073371284
2	1996	6	10.31372549
2	1996	7	12.72802024
2	1996	8	14.28108792
2	1996	9	5.46401012
2	1996	10	2.169639469
2	1996	11	-4.054395952
2	1996	12	-11.65376344
2	1997	1	-11.90328906
2	1997	2	-10.80695762
2	1997	3	-6.049209361
2	1997	4	-4.557874763
2	1997	5	3.600126502
2	1997	6	12.50638836
2	1997	7	16.05079064
2	1997	8	13.72707147
2	1997	9	7.610373182
2	1997	10	-1.024731183
2	1997	11	-6.441998735
2	1997	12	-8.90740038
2	1998	1	-10.35679949
2	1998	2	-16.94395952
2	1998	3	-9.761606578
2	1998	4	-3.2714105
2	1998	5	4.434661607
2	1998	6	10.29367489
2	1998	7	14.94073371
2	1998	8	10.69746996
2	1998	9	6.544718533
2	1998	10	1.019291588
2	1998	11	-8.513345984
2	1998	12	-10.30145478
2	1999	1	-15.76419987
2	1999	2	-12.87179001
2	1999	3	-6.129981025
2	1999	4	0.738962682
2	1999	5	3.160784314
2	1999	6	14.42618596
2	1999	7	14.41201771
2	1999	8	9.94459203
2	1999	9	8.468437698
2	1999	10	2.331625553
2	1999	11	-2.979253637
2	1999	12	-11.73586338
2	2000	1	-10.18943707
2	2000	2	-9.134535104
2	2000	3	-5.823845667
2	2000	4	-0.032511069
2	2000	5	6.391397849
2	2000	6	11.33345984
2	2000	7	15.28051866
2	2000	8	11.93934219
2	2000	9	6.926059456
2	2000	10	4.740480708
2	2000	11	-1.461480076
2	2000	12	-8.197027198
2	2001	1	-6.656293485
2	2001	2	-13.73320683
2	2001	3	-11.21739405
2	2001	4	-0.416445288
2	2001	5	4.427893738
2	2001	6	13.22258065
2	2001	7	15.16173308
2	2001	8	11.81555977
2	2001	9	8.513535737
2	2001	10	0.989247312
2	2001	11	-6.807084124
2	2001	12	-12.37963314
2	2002	1	-12.14522454
2	2002	2	-8.261037318
2	2002	3	-6.483617963
2	2002	4	1.813092979
2	2002	5	7.404996837
2	2002	6	13.57659709
2	2002	7	15.85262492
2	2002	8	13.63004428
2	2002	9	5.840164453
2	2002	10	-2.579253637
2	2002	11	-10.36363061
2	2002	12	-14.4259962
2	2003	1	-18.40714738
2	2003	2	-7.30683112
2	2003	3	-3.47311828
2	2003	4	-1.243959519
2	2003	5	6.852941176
2	2003	6	10.32232764
2	2003	7	17.97482606
2	2003	8	12.15281467
2	2003	9	7.125173941
2	2003	10	0.525300443
2	2003	11	-3.170208729
2	2003	12	-9.269955724
2	2004	1	-11.08203669
2	2004	2	-11.60328906
2	2004	3	-5.643390259
2	2004	4	0.370651486
2	2004	5	5.77254902
2	2004	6	10.58950032
2	2004	7	15.87640734
2	2004	8	12.34231499
2	2004	9	7.996331436
2	2004	10	0.750727388
2	2004	11	-6.307779886
2	2004	12	-6.240670462
2	2005	1	-7.159898798
2	2005	2	-9.650474383
2	2005	3	-9.715117015
2	2005	4	0.48058191
2	2005	5	4.748134092
2	2005	6	12.55673624
2	2005	7	16.24901961
2	2005	8	13.47337128
2	2005	9	7.736432638
2	2005	10	2.91827957
2	2005	11	-0.403668564
2	2005	12	-9.481340923
2	2006	1	-9.849905123
2	2006	2	-13.63352309
2	2006	3	-11.38330171
2	2006	4	1.424794434
2	2006	5	7.041113219
2	2006	6	13.12226439
2	2006	7	14.45376344
2	2006	8	14.67571157
2	2006	9	7.562175838
2	2006	10	-0.50683112
2	2006	11	-5.029348514
2	2006	12	-3.843516762
2	2007	1	-11.22637571
2	2007	2	-17.12814674
2	2007	3	-1.746995572
2	2007	4	0.174320051
2	2007	5	5.734977862
2	2007	6	11.72106262
2	2007	7	14.05686275
2	2007	8	13.36635041
2	2007	9	6.253763441
2	2007	10	3.67944339
2	2007	11	-5.086211259
2	2007	12	-3.02915876
2	2008	1	-7.490702087
2	2008	2	-7.752435168
2	2008	3	-7.598924731
2	2008	4	-0.980075901
2	2008	5	4.713978495
2	2008	6	10.70961417
2	2008	7	13.35572423
2	2008	8	10.27223276
2	2008	9	5.518089817
2	2008	10	2.055154965
2	2008	11	-4.394939911
2	2008	12	-4.064389627
2	2009	1	-10.51581278
2	2009	2	-11.90303605
2	2009	3	-6.429285262
2	2009	4	-1.339658444
2	2009	5	7.797469956
2	2009	6	10.92802024
2	2009	7	13.60733713
2	2009	8	13.48614801
2	2009	9	8.69658444
2	2009	10	-1.779569892
2	2009	11	-1.842061986
2	2009	12	-10.83447185
2	2010	1	-15.17666034
2	2010	2	-15.52820999
2	2010	3	-9.072991777
2	2010	4	1.029411765
2	2010	5	8.189057559
2	2010	6	10.4714105
2	2010	7	16.34611006
2	2010	8	11.61549652
2	2010	9	7.421884883
2	2010	10	1.996268185
2	2010	11	-8.974446553
2	2010	12	-13.96761543
2	2011	1	-11.91043643
2	2011	2	-17.65458571
2	2011	3	-5.617394054
2	2011	4	2.338140417
2	2011	5	6.527956989
2	2011	6	13.85382669
2	2011	7	16.26748893
2	2011	8	12.4283365
2	2011	9	9.034092347
2	2011	10	3.139848197
2	2011	11	-1.058317521
2	2011	12	-2.907210626
2	2012	1	-11.36185958
2	2012	2	-13.92258065
2	2012	3	-4.797912713
2	2012	4	-1.72915876
2	2012	5	5.982732448
2	2012	6	10.4288425
2	2012	7	14.02700822
2	2012	8	11.82314991
2	2012	9	7.201518027
2	2012	10	0.781657179
2	2012	11	-2.895698925
2	2012	12	-13.87849462
2	2013	1	-9.751486401
2	2013	2	-7.910815939
2	2013	3	-12.16419987
2	2013	4	-0.86059456
2	2013	5	9.334598355
2	2013	6	14.48247944
2	2013	7	14.443074
2	2013	8	13.77533207
2	2013	9	9.128652751
2	2013	10	1.08684377
2	2013	11	-3.961796331
2	2013	12	-5.892662872
2	2014	1	-13.25660974
2	2014	2	-3.568627451
2	2014	3	-3.002593295
2	2014	4	0.100506009
2	2014	5	5.781657179
2	2014	6	10.23244782
2	2014	7	17.49038583
2	2014	8	13.6716635
2	2014	9	7.895951929
2	2014	10	-0.517583808
2	2014	11	-4.508096142
2	2014	12	-7.118912081
2	2015	1	-11.54326376
2	2015	2	-5.621631879
2	2015	3	-2.19601518
2	2015	4	0.989626818
2	2015	5	6.194117647
2	2015	6	9.977798861
2	2015	7	12.03662239
2	2015	8	13.46103732
2	2015	9	9.422517394
2	2015	10	1.482163188
2	2015	11	-1.357938014
2	2015	12	-6.224604681
2	2016	1	-16.21442125
2	2016	2	-6.02972802
2	2016	3	-3.697406705
2	2016	4	1.255028463
2	2016	5	9.345857052
2	2016	6	11.6086654
2	2016	7	16.22055661
2	2016	8	11.96919671
2	2016	9	8.401328273
2	2016	10	1.642504744
2	2016	11	-5.656862745
2	2016	12	-6.849905123
2	2017	1	-8.643833017
2	2017	2	-9.359582543
2	2017	3	-4.864263125
2	2017	4	-2.528526249
2	2017	5	2.717457306
2	2017	6	10.20037951
2	2017	7	14.29696395
2	2017	8	11.81486401
2	2017	9	7.16628716
2	2017	10	0.858254269
2	2017	11	-4.085578748
2	2017	12	-7.783301708
2	2018	1	-10.03042378
2	2018	2	-13.7740038
2	2018	3	-9.98627451
2	2018	4	0.181340923
2	2018	5	10.02536369
2	2018	6	10.58716003
2	2018	7	19.1398482
2	2018	8	13.44946237
2	2018	9	8.296141682
2	2018	10	0.85142315
2	2018	11	-0.494117647
2	2018	12	-7.347375079
2	2019	1	-14.02662872
2	2019	2	-9.892283365
2	2019	3	-6.317330803
2	2019	4	1.969070209
2	2019	5	5.490765338
2	2019	6	12.34029096
2	2019	7	13.32662872
2	2019	8	12.16970272
2	2019	9	7.292852625
2	2019	10	-1.252118912
2	2019	11	-6.611068944
2	2019	12	-4.768121442
2	2020	1	-7.022517394
2	2020	2	-7.333776091
