"year" "region" "soil" "species" "volume" "stderr" "dd"
"73" 2014 1 1 1 5065278.41 13755.08841 3879.3842289
"74" 2014 1 1 2 4653289.44 16498.03474 3879.3842289
"75" 2014 1 1 3 2606135.2 8270.011063 3879.3842289
"76" 2014 1 2 1 189575.37 2100.587159 3883.3088688
"77" 2014 1 2 2 144234.58 2742.144174 3883.3088688
"78" 2014 1 2 3 124398.02 1615.963376 3883.3088688
"79" 2014 1 3 1 1469583.43 7298.391123 3883.5297082
"80" 2014 1 3 2 765369 6262.079299 3883.5297082
"81" 2014 1 3 3 620135.17 3935.211932 3883.5297082
"82" 2014 2 1 1 3863324.8 13545.52004 3873.4312396
"83" 2014 2 1 2 1105469.6 7472.008099 3873.4312396
"84" 2014 2 1 3 944897.57 4678.917627 3873.4312396
"85" 2014 2 2 1 259744.14 2093.058833 3880.0301743
"86" 2014 2 2 2 153183.91 1955.583102 3880.0301743
"87" 2014 2 2 3 132783.95 1566.681738 3880.0301743
"88" 2014 2 3 1 1136488.51 6218.107917 3882.4012541
"89" 2014 2 3 2 277252.99 2814.882163 3882.4012541
"90" 2014 2 3 3 471608.6 3705.534571 3882.4012541
"91" 2015 1 1 1 5384796.91 14016.09685 4224.8503621
"92" 2015 1 1 2 4700365.68 15248.68538 4224.8503621
"93" 2015 1 1 3 2560550.4 7923.851024 4224.8503621
"94" 2015 1 2 1 212518.66 2171.956733 4227.7793322
"95" 2015 1 2 2 169849.25 2539.034985 4227.7793322
"96" 2015 1 2 3 137080.09 1782.734651 4227.7793322
"97" 2015 1 3 1 1499754.76 7313.948385 4225.4419235
"98" 2015 1 3 2 750959.97 5373.139167 4225.4419235
"99" 2015 1 3 3 662895.71 3996.699292 4225.4419235
"100" 2015 2 1 1 4022215.99 12968.64695 4230.6837799
"101" 2015 2 1 2 1350840.48 8748.668145 4230.6837799
"102" 2015 2 1 3 954745.01 4064.81317 4230.6837799
"103" 2015 2 2 1 245029.21 2170.626689 4233.3270227
"104" 2015 2 2 2 145723.97 1982.808467 4233.3270227
"105" 2015 2 2 3 116905.49 1525.400512 4233.3270227
"106" 2015 2 3 1 1105921.93 6303.32809 4231.366296
"107" 2015 2 3 2 287708 2873.848334 4231.366296
"108" 2015 2 3 3 463742.81 3410.394378 4231.366296
"109" 2016 1 1 1 5518141.42 13876.77828 4596.7292003
"110" 2016 1 1 2 4994151.48 15625.05159 4596.7292003
"111" 2016 1 1 3 2607190.89 7859.772433 4596.7292003
"112" 2016 1 2 1 263639.55 2535.444568 4597.4398762
"113" 2016 1 2 2 157986.24 2045.624266 4597.4398762
"114" 2016 1 2 3 177086.67 2024.278174 4597.4398762
"115" 2016 1 3 1 1410882.48 7004.238437 4597.8515526
"116" 2016 1 3 2 700487.72 5198.336081 4597.8515526
"117" 2016 1 3 3 600441.91 3577.235018 4597.8515526
"118" 2016 2 1 1 3996246.46 13049.5836 4591.5448708
"119" 2016 2 1 2 1208529.53 7625.256888 4591.5448708
"120" 2016 2 1 3 894348.15 4087.088196 4591.5448708
"121" 2016 2 2 1 326148.6 2729.539021 4592.6817844
"122" 2016 2 2 2 158767.34 1831.393405 4592.6817844
"123" 2016 2 2 3 141529.82 1773.851577 4592.6817844
"124" 2016 2 3 1 1076297.27 6695.052496 4585.437685
"125" 2016 2 3 2 299962 3770.319228 4585.437685
"126" 2016 2 3 3 424664.81 3349.701958 4585.437685
"127" 2017 1 1 1 5635818.56 13988.06011 4949.0290305
"128" 2017 1 1 2 4604101.34 14346.53788 4949.0290305
"129" 2017 1 1 3 2697914.63 7691.767377 4949.0290305
"130" 2017 1 2 1 192855.14 1947.998712 4950.7201145
"131" 2017 1 2 2 145061.49 2109.0703 4950.7201145
"132" 2017 1 2 3 157252.61 1874.086978 4950.7201145
"133" 2017 1 3 1 1443437.83 7108.238799 4954.4508382
"134" 2017 1 3 2 801451.59 5493.617834 4954.4508382
"135" 2017 1 3 3 601052.99 3511.842915 4954.4508382
"136" 2017 2 1 1 3896947.64 14035.18568 4967.7298875
"137" 2017 2 1 2 1270914.26 8495.355592 4967.7298875
"138" 2017 2 1 3 957282.28 4483.789336 4967.7298875
"139" 2017 2 2 1 303225.4 2315.800802 4969.7396267
"140" 2017 2 2 2 177452.26 2439.180657 4969.7396267
"141" 2017 2 2 3 134743.28 1485.681071 4969.7396267
"142" 2017 2 3 1 1161389.03 6870.309674 4966.3297498
"143" 2017 2 3 2 273926.76 3062.18996 4966.3297498
"144" 2017 2 3 3 423731.78 3154.278045 4966.3297498
"145" 2018 1 1 1 5415505.67 14650.03452 5328.1703505
"146" 2018 1 1 2 4802189.22 15998.01297 5328.1703505
"147" 2018 1 1 3 2513560.69 7939.828812 5328.1703505
"148" 2018 1 2 1 275277.39 2623.43052 5334.8591233
"149" 2018 1 2 2 180622.06 2367.416642 5334.8591233
"150" 2018 1 2 3 130175.18 1707.000155 5334.8591233
"151" 2018 1 3 1 1589284.33 7516.026426 5329.6736268
"152" 2018 1 3 2 961241 6470.580509 5329.6736268
"153" 2018 1 3 3 660616.61 3888.681937 5329.6736268
"154" 2018 2 1 1 3589930.48 12192.70881 5320.8697457
"155" 2018 2 1 2 1144149.83 7456.691641 5320.8697457
"156" 2018 2 1 3 888470.92 3970.766807 5320.8697457
"157" 2018 2 2 1 302145.75 2529.794135 5319.380481
"158" 2018 2 2 2 204224.18 2495.098867 5319.380481
"159" 2018 2 2 3 175665.44 1942.217961 5319.380481
"160" 2018 2 3 1 1049948.12 5963.490962 5332.7014579
"161" 2018 2 3 2 322015.53 3098.018989 5332.7014579
"162" 2018 2 3 3 478253.58 3667.152265 5332.7014579
"163" 2019 1 1 1 5316019.719 32758.47306 5693.17
"164" 2019 1 1 2 4706847.72 35772.64451 5693.17
"165" 2019 1 1 3 2688911.492 17753.99695 5693.17
"166" 2019 1 2 1 243190.1658 5866.168977 5699.859
"167" 2019 1 2 2 160601.2597 5293.704543 5699.859
"168" 2019 1 2 3 146114.0822 3816.968384 5699.859
"169" 2019 1 3 1 1461324.597 16806.34601 5694.674
"170" 2019 1 3 2 799067.7141 14468.65787 5694.674
"171" 2019 1 3 3 561793.8136 8695.357154 5694.674
"172" 2019 2 1 1 3855941.733 27263.72573 5685.87
"173" 2019 2 1 2 1111291.212 16673.6694 5685.87
"174" 2019 2 1 3 919452.6544 8878.904503 5685.87
"175" 2019 2 2 1 299857.5641 5656.791655 5684.38
"176" 2019 2 2 2 171834.9937 5579.210677 5684.38
"177" 2019 2 2 3 139739.8877 4342.931388 5684.38
"178" 2019 2 3 1 1128364.477 13334.77117 5697.701
"179" 2019 2 3 2 283544.3648 6927.381055 5697.701
"180" 2019 2 3 3 406473.5548 8200.001748 5697.701
