"region" "ipcc" "soil" "X1989" "X1990" "X1991" "X1992" "X1993" "X1994" "X1995" "X1996" "X1997" "X1998" "X1999" "X2000" "X2001" "X2002" "X2003" "X2004" "X2005" "X2006" "X2007" "X2008" "X2009" "X2010" "X2011" "X2012" "X2013" "X2014" "X2015" "X2016" "X2017" "X2018"
"1" 1 1 1 8925751 8928347 8930590 8931766 8931120 8930512 8929809 8928575 8926266 8923583 8919429 8913827 8905765 8897308 8887996 8878205 8868803 8860599 8851736 8843249 8834607 8824808 8814969 8806682 8799375 8792969 8788038 8784270 8780244 8776153
"2" 1 1 2 2666650 2669332 2671821 2673614 2674640 2675645 2676139 2676525 2676586 2676296 2675446 2674193 2672662 2670893 2668588 2666496 2664157 2661696 2659239 2657387 2654264 2651447 2648665 2645924 2643032 2641724 2640548 2639378 2638951 2638651
"3" 1 1 99 11592401 11597679 11602411 11605380 11605760 11606157 11605948 11605100 11602852 11599879 11594875 11588020 11578427 11568201 11556584 11544701 11532960 11522295 11510975 11500636 11488871 11476255 11463634 11452606 11442407 11434693 11428586 11423648 11419195 11414804
"4" 1 2 1 1996035 1992554 1989094 1986079 1983505 1980816 1977778 1974834 1971803 1968937 1966801 1965759 1965471 1966112 1966951 1967045 1966942 1966215 1964733 1963709 1963595 1963726 1964149 1964877 1965447 1965399 1964981 1964256 1963368 1962122
"5" 1 2 2 152816 152142 151468 150788 150417 150101 150074 149962 149907 149803 149968 150524 151573 153108 155164 157282 159024 160735 162161 163556 165189 167128 168981 170843 172293 173308 174026 174643 175183 175569
"6" 1 2 99 2148851 2144696 2140562 2136867 2133922 2130917 2127852 2124796 2121710 2118740 2116769 2116283 2117044 2119220 2122115 2124327 2125966 2126950 2126894 2127265 2128784 2130854 2133130 2135720 2137740 2138707 2139007 2138899 2138551 2137691
"7" 1 3 1 86092 84512 82553 80442 78829 76947 75399 74093 73292 72214 71422 70684 70406 69811 69566 69490 69557 69227 69336 68891 68643 68434 68518 68362 68526 68846 69272 69948 70991 72238
"8" 1 3 2 30768 28509 26316 24335 22834 21465 20372 19758 19481 19270 19418 19642 19528 19430 19634 19509 19327 19224 18844 18110 17564 17074 16723 16643 16486 16411 16411 16411 16352 16370
"9" 1 3 99 116860 113021 108869 104777 101663 98412 95771 93851 92773 91484 90840 90326 89934 89241 89200 88999 88884 88451 88180 87001 86207 85508 85241 85005 85012 85257 85683 86359 87343 88608
"10" 1 3.3 1 22563 22708 22853 22992 23131 23270 23409 23548 23621 23621 23621 23621 23621 23621 23621 23621 23621 23751 24009 24267 24525 24783 25047 25183 25387 25591 25795 25863 25931 25931
"11" 1 3.3 2 12655 12722 12789 12856 12923 12990 12990 12990 12990 12990 12990 12990 12990 12990 12990 12990 12990 12990 12990 12990 12990 12990 12990 12990 12990 12990 12990 12990 12990 12990
"12" 1 3.3 99 35218 35430 35642 35848 36054 36260 36399 36538 36611 36611 36611 36611 36611 36611 36611 36611 36611 36741 36999 37257 37515 37773 38037 38173 38377 38581 38785 38853 38921 38921
"13" 1 3.5 1 31232 30611 30051 29642 29571 29537 29474 29460 29543 29610 29662 29931 30180 30499 30706 31185 31672 32258 32854 33504 33881 34223 34399 34477 34525 34573 34737 35083 35438 35984
"14" 1 3.5 2 1855 1855 1855 1855 1855 1855 1855 1855 1829 1730 1631 1532 1500 1494 1561 1628 1695 1695 1695 1695 1695 1695 1695 1695 1695 1695 1695 1695 1695 1695
"15" 1 3.5 99 33087 32466 31906 31497 31426 31392 31329 31315 31372 31340 31293 31463 31680 31993 32267 32813 33367 33953 34549 35199 35576 35918 36094 36172 36220 36268 36432 36778 37133 37679
"16" 1 4 1 0 0 0 0 0 0 0 0 0 0 0 0 0 0 0 0 0 0 0 0 0 0 0 0 0 0 0 0 0 0
"17" 1 4 2 400975 399987 398859 397864 396936 396044 394794 393569 392041 390412 388767 387282 385782 384669 383610 382481 381507 380881 380099 379160 378430 377830 376889 376014 375724 375284 374752 374202 373739 372890
"18" 1 4 99 400975 399987 398859 397864 396936 396044 394794 393569 392041 390412 388767 387282 385782 384669 383610 382481 381507 380881 380099 379160 378430 377830 376889 376014 375724 375284 374752 374202 373739 372890
"19" 1 5 1 964231 967870 972087 977075 982599 988474 994594 1000734 1007432 1014813 1022482 1030262 1039303 1048121 1057254 1067097 1076650 1085855 1095839 1105499 1114694 1124472 1134011 1142234 1149416 1155992 1161464 1165793 1169991 1174294
"20" 1 5 2 8248 8315 8382 8376 8370 8393 8451 8538 8727 9018 9280 9440 9571 9673 9673 9610 9678 9813 10018 10223 10491 10628 10697 10697 10620 10543 10466 10389 10312 10312
"21" 1 5 99 972479 976185 980469 985451 990969 996867 1003045 1009272 1016159 1023831 1031762 1039702 1048874 1057794 1066927 1076707 1086328 1095668 1105857 1115722 1125185 1135100 1144708 1152931 1160036 1166535 1171930 1176182 1180303 1184606
"22" 1 6 1 95268 95213 95158 95036 94914 94790 94664 94495 94390 94283 94116 93963 93863 93777 93704 93704 93641 93578 93515 93386 93257 93191 93125 92991 92846 92655 92464 92273 92104 92012
"23" 1 6 2 0 0 0 0 0 0 0 0 0 0 0 0 0 0 0 0 0 0 0 0 0 0 0 0 0 0 0 0 0 0
"24" 1 6 99 95268 95213 95158 95036 94914 94790 94664 94495 94390 94283 94116 93963 93863 93777 93704 93704 93641 93578 93515 93386 93257 93191 93125 92991 92846 92655 92464 92273 92104 92012
"25" 1 42 1 0 0 0 0 0 0 0 0 0 0 0 0 0 0 0 0 0 0 0 0 0 0 0 0 0 0 0 0 0 0
"26" 1 42 2 55065 55453 56180 57198 58136 58861 59877 60707 61748 63075 64488 65624 66763 67191 67413 67827 68773 69514 70957 72041 73619 74792 76078 77039 78356 78738 79079 79524 79429 79507
"27" 1 42 99 55065 55453 56180 57198 58136 58861 59877 60707 61748 63075 64488 65624 66763 67191 67413 67827 68773 69514 70957 72041 73619 74792 76078 77039 78356 78738 79079 79524 79429 79507
"28" 1 80 1 0 0 0 0 0 0 0 0 0 0 0 0 0 0 0 0 0 0 0 0 0 0 0 0 0 0 0 0 0 0
"29" 1 80 2 2333941 2334015 2334089 2334227 2334365 2334445 2334466 2334502 2334489 2334490 2334624 2334871 2335167 2335448 2335714 2335975 2336108 2336114 2336120 2336478 2336701 2336924 2337209 2337494 2337427 2337427 2337427 2337427 2337427 2337427
"30" 1 80 99 2333941 2334015 2334089 2334227 2334365 2334445 2334466 2334502 2334489 2334490 2334624 2334871 2335167 2335448 2335714 2335975 2336108 2336114 2336120 2336478 2336701 2336924 2337209 2337494 2337427 2337427 2337427 2337427 2337427 2337427
"31" 2 1 1 7182343 7182015 7181758 7181719 7181636 7181708 7181573 7181003 7179637 7178455 7176875 7174752 7172388 7169775 7166543 7162663 7158785 7154975 7151438 7147819 7144705 7142143 7139321 7136566 7134405 7132680 7131128 7130424 7130333 7130333
"32" 2 1 2 3326971 3329301 3331337 3333590 3335623 3337466 3338972 3340657 3341574 3342638 3343211 3343214 3342504 3340926 3338951 3336723 3333933 3331089 3329102 3327181 3325392 3324367 3324507 3324545 3324070 3323933 3323613 3322273 3321206 3320387
"33" 2 1 99 10509314 10511316 10513095 10515309 10517259 10519174 10520545 10521660 10521211 10521093 10520086 10517966 10514892 10510701 10505494 10499386 10492718 10486064 10480540 10475000 10470097 10466510 10463828 10461111 10458475 10456613 10454741 10452697 10451539 10450720
"34" 2 2 1 263355 262785 262435 261937 261497 260979 260455 259557 258874 258347 258333 258539 259042 259916 260720 261077 261442 261640 261727 261652 261996 262165 262942 263555 264164 264510 264951 264951 264860 264860
"35" 2 2 2 64029 64386 64743 64518 64015 63528 62985 62677 63110 63677 64648 65953 67590 70299 73218 75857 78125 80150 80785 81031 81121 81471 81668 82137 83043 83949 84858 85767 86403 86949
"36" 2 2 99 327384 327171 327178 326455 325512 324507 323440 322234 321984 322024 322981 324492 326632 330215 333938 336934 339567 341790 342512 342683 343117 343636 344610 345692 347207 348459 349809 350718 351263 351809
"37" 2 3 1 26671 26385 26172 25886 25499 25198 24910 24860 24824 24714 24517 24523 24219 23899 23828 23986 24072 24230 24376 24793 24966 25050 25135 25304 25036 24856 24856 24947 25038 25311
"38" 2 3 2 28476 27153 25759 24726 23707 22691 22116 21615 20898 20346 19969 19548 19084 18794 18500 18206 18308 18626 18702 19019 19336 19330 19233 19306 19215 19124 19033 19033 19033 19033
"39" 2 3 99 55147 53538 51931 50612 49206 47889 47026 46475 45722 45060 44486 44071 43303 42693 42328 42192 42380 42856 43078 43812 44302 44380 44368 44610 44251 43980 43889 43980 44071 44344
"40" 2 3.3 1 9323 9540 9685 9830 9975 10047 10047 10047 10047 10047 10047 10119 10191 10263 10335 10407 10407 10407 10407 10407 10407 10407 10407 10407 10407 10407 10407 10407 10407 10407
"41" 2 3.3 2 14981 14981 14981 15053 15125 15197 15269 15341 15341 15341 15341 15341 15341 15341 15341 15341 15341 15341 15341 15341 15341 15341 15341 15341 15341 15341 15341 15341 15341 15341
"42" 2 3.3 99 24304 24521 24666 24883 25100 25244 25316 25388 25388 25388 25388 25460 25532 25604 25676 25748 25748 25748 25748 25748 25748 25748 25748 25748 25748 25748 25748 25748 25748 25748
"43" 2 3.5 1 6991 6991 6843 6695 6547 6399 6251 6251 6251 6251 6179 6107 6035 5963 6043 6272 6501 6730 6959 7037 7037 7037 7037 7037 7037 7037 7037 7037 7037 7037
"44" 2 3.5 2 362 362 362 362 362 362 362 362 362 362 362 362 362 510 733 956 1179 1402 1477 1477 1477 1477 1477 1477 1477 1477 1477 1477 1477 1477
"45" 2 3.5 99 7353 7353 7205 7057 6909 6761 6613 6613 6613 6613 6541 6469 6397 6473 6776 7228 7680 8132 8436 8514 8514 8514 8514 8514 8514 8514 8514 8514 8514 8514
"46" 2 4 1 0 0 0 0 0 0 0 0 0 0 0 0 0 0 0 0 0 0 0 0 0 0 0 0 0 0 0 0 0 0
"47" 2 4 2 2527620 2525979 2524488 2522857 2521333 2519717 2517857 2515898 2514278 2512730 2511189 2510250 2509403 2508567 2507759 2507238 2506244 2505464 2505169 2504687 2504362 2503882 2502655 2501001 2499933 2498955 2498457 2498706 2499137 2499319
"48" 2 4 99 2527620 2525979 2524488 2522857 2521333 2519717 2517857 2515898 2514278 2512730 2511189 2510250 2509403 2508567 2507759 2507238 2506244 2505464 2505169 2504687 2504362 2503882 2502655 2501001 2499933 2498955 2498457 2498706 2499137 2499319
"49" 2 5 1 240240 241060 241736 242488 243359 244241 245425 247061 249294 251375 253327 255370 257858 260210 262929 266594 270693 274599 278355 282293 285809 289056 291954 294865 297504 299545 300838 301724 302088 302088
"50" 2 5 2 5861 6280 6551 6822 7108 7236 7354 7461 7558 7616 7659 7688 7554 7406 7258 7267 7276 7433 7590 7747 7747 7747 7747 7747 7747 7747 7747 7747 7747 7747
"51" 2 5 99 246101 247340 248287 249310 250467 251477 252779 254522 256852 258991 260986 263058 265412 267616 270187 273861 277969 282032 285945 290040 293556 296803 299701 302612 305251 307292 308585 309471 309835 309835
"52" 2 6 1 1218668 1218668 1218668 1218668 1218668 1218668 1218668 1218668 1218668 1218668 1218740 1218812 1218884 1218956 1219028 1219028 1219028 1219028 1219028 1218818 1218608 1218398 1218188 1217978 1217978 1217978 1217978 1217978 1217978 1217978
"53" 2 6 2 0 0 0 0 0 0 0 0 0 0 0 0 0 0 0 0 0 0 0 0 0 0 0 0 0 0 0 0 0 0
"54" 2 6 99 1218668 1218668 1218668 1218668 1218668 1218668 1218668 1218668 1218668 1218668 1218740 1218812 1218884 1218956 1219028 1219028 1219028 1219028 1219028 1218818 1218608 1218398 1218188 1217978 1217978 1217978 1217978 1217978 1217978 1217978
"55" 2 42 1 0 0 0 0 0 0 0 0 0 0 0 0 0 0 0 0 0 0 0 0 0 0 0 0 0 0 0 0 0 0
"56" 2 42 2 25763 25621 25842 26135 26832 27849 29042 29828 30570 30719 30889 30708 30831 30461 30100 29671 29952 30172 30830 31984 32982 33415 33674 34020 33929 33747 33565 33474 33201 33019
"57" 2 42 99 25763 25621 25842 26135 26832 27849 29042 29828 30570 30719 30889 30708 30831 30461 30100 29671 29952 30172 30830 31984 32982 33415 33674 34020 33929 33747 33565 33474 33201 33019
"58" 2 80 1 0 0 0 0 0 0 0 0 0 0 0 0 0 0 0 0 0 0 0 0 0 0 0 0 0 0 0 0 0 0
"59" 2 80 2 1117674 1117821 1117968 1118042 1118042 1118042 1118042 1118042 1118042 1118042 1118042 1118042 1118042 1118042 1118042 1118042 1118042 1118042 1118042 1118042 1118042 1118042 1118042 1118042 1118042 1118042 1118042 1118042 1118042 1118042
"60" 2 80 99 1117674 1117821 1117968 1118042 1118042 1118042 1118042 1118042 1118042 1118042 1118042 1118042 1118042 1118042 1118042 1118042 1118042 1118042 1118042 1118042 1118042 1118042 1118042 1118042 1118042 1118042 1118042 1118042 1118042 1118042
"61" 99 1 1 16108094 16110362 16112348 16113485 16112756 16112220 16111382 16109578 16105903 16102038 16096304 16088579 16078153 16067083 16054539 16040868 16027588 16015574 16003174 15991068 15979312 15966951 15954290 15943248 15933780 15925649 15919166 15914694 15910577 15906486
"62" 99 1 2 5993621 5998633 6003158 6007204 6010263 6013111 6015111 6017182 6018160 6018934 6018657 6017407 6015166 6011819 6007539 6003219 5998090 5992785 5988341 5984568 5979656 5975814 5973172 5970469 5967102 5965657 5964161 5961651 5960157 5959038
"63" 99 1 99 22101715 22108995 22115506 22120689 22123019 22125331 22126493 22126760 22124063 22120972 22114961 22105986 22093319 22078902 22062078 22044087 22025678 22008359 21991515 21975636 21958968 21942765 21927462 21913717 21900882 21891306 21883327 21876345 21870734 21865524
"64" 99 2 1 2259390 2255339 2251529 2248016 2245002 2241795 2238233 2234391 2230677 2227284 2225134 2224298 2224513 2226028 2227671 2228122 2228384 2227855 2226460 2225361 2225591 2225891 2227091 2228432 2229611 2229909 2229932 2229207 2228228 2226982
"65" 99 2 2 216845 216528 216211 215306 214432 213629 213059 212639 213017 213480 214616 216477 219163 223407 228382 233139 237149 240885 242946 244587 246310 248599 250649 252980 255336 257257 258884 260410 261586 262518
"66" 99 2 99 2476235 2471867 2467740 2463322 2459434 2455424 2451292 2447030 2443694 2440764 2439750 2440775 2443676 2449435 2456053 2461261 2465533 2468740 2469406 2469948 2471901 2474490 2477740 2481412 2484947 2487166 2488816 2489617 2489814 2489500
"67" 99 3 1 112763 110897 108725 106328 104328 102145 100309 98953 98116 96928 95939 95207 94625 93710 93394 93476 93629 93457 93712 93684 93609 93484 93653 93666 93562 93702 94128 94895 96029 97549
"68" 99 3 2 59244 55662 52075 49061 46541 44156 42488 41373 40379 39616 39387 39190 38612 38224 38134 37715 37635 37850 37546 37129 36900 36404 35956 35949 35701 35535 35444 35444 35385 35403
"69" 99 3 99 172007 166559 160800 155389 150869 146301 142797 140326 138495 136544 135326 134397 133237 131934 131528 131191 131264 131307 131258 130813 130509 129888 129609 129615 129263 129237 129572 130339 131414 132952
"70" 99 3.3 1 31886 32248 32538 32822 33106 33317 33456 33595 33668 33668 33668 33740 33812 33884 33956 34028 34028 34158 34416 34674 34932 35190 35454 35590 35794 35998 36202 36270 36338 36338
"71" 99 3.3 2 27636 27703 27770 27909 28048 28187 28259 28331 28331 28331 28331 28331 28331 28331 28331 28331 28331 28331 28331 28331 28331 28331 28331 28331 28331 28331 28331 28331 28331 28331
"72" 99 3.3 99 59522 59951 60308 60731 61154 61504 61715 61926 61999 61999 61999 62071 62143 62215 62287 62359 62359 62489 62747 63005 63263 63521 63785 63921 64125 64329 64533 64601 64669 64669
"73" 99 3.5 1 38223 37602 36894 36337 36118 35936 35725 35711 35794 35861 35841 36038 36215 36462 36749 37457 38173 38988 39813 40541 40918 41260 41436 41514 41562 41610 41774 42120 42475 43021
"74" 99 3.5 2 2217 2217 2217 2217 2217 2217 2217 2217 2191 2092 1993 1894 1862 2004 2294 2584 2874 3097 3172 3172 3172 3172 3172 3172 3172 3172 3172 3172 3172 3172
"75" 99 3.5 99 40440 39819 39111 38554 38335 38153 37942 37928 37985 37953 37834 37932 38077 38466 39043 40041 41047 42085 42985 43713 44090 44432 44608 44686 44734 44782 44946 45292 45647 46193
"76" 99 4 1 0 0 0 0 0 0 0 0 0 0 0 0 0 0 0 0 0 0 0 0 0 0 0 0 0 0 0 0 0 0
"77" 99 4 2 2928595 2925966 2923347 2920721 2918269 2915761 2912651 2909467 2906319 2903142 2899956 2897532 2895185 2893236 2891369 2889719 2887751 2886345 2885268 2883847 2882792 2881712 2879544 2877015 2875657 2874239 2873209 2872908 2872876 2872209
"78" 99 4 99 2928595 2925966 2923347 2920721 2918269 2915761 2912651 2909467 2906319 2903142 2899956 2897532 2895185 2893236 2891369 2889719 2887751 2886345 2885268 2883847 2882792 2881712 2879544 2877015 2875657 2874239 2873209 2872908 2872876 2872209
"79" 99 5 1 1204471 1208930 1213823 1219563 1225958 1232715 1240019 1247795 1256726 1266188 1275809 1285632 1297161 1308331 1320183 1333691 1347343 1360454 1374194 1387792 1400503 1413528 1425965 1437099 1446920 1455537 1462302 1467517 1472079 1476382
"80" 99 5 2 14109 14595 14933 15198 15478 15629 15805 15999 16285 16634 16939 17128 17125 17079 16931 16877 16954 17246 17608 17970 18238 18375 18444 18444 18367 18290 18213 18136 18059 18059
"81" 99 5 99 1218580 1223525 1228756 1234761 1241436 1248344 1255824 1263794 1273011 1282822 1292748 1302760 1314286 1325410 1337114 1350568 1364297 1377700 1391802 1405762 1418741 1431903 1444409 1455543 1465287 1473827 1480515 1485653 1490138 1494441
"82" 99 6 1 1313936 1313881 1313826 1313704 1313582 1313458 1313332 1313163 1313058 1312951 1312856 1312775 1312747 1312733 1312732 1312732 1312669 1312606 1312543 1312204 1311865 1311589 1311313 1310969 1310824 1310633 1310442 1310251 1310082 1309990
"83" 99 6 2 0 0 0 0 0 0 0 0 0 0 0 0 0 0 0 0 0 0 0 0 0 0 0 0 0 0 0 0 0 0
"84" 99 6 99 1313936 1313881 1313826 1313704 1313582 1313458 1313332 1313163 1313058 1312951 1312856 1312775 1312747 1312733 1312732 1312732 1312669 1312606 1312543 1312204 1311865 1311589 1311313 1310969 1310824 1310633 1310442 1310251 1310082 1309990
"85" 99 42 1 0 0 0 0 0 0 0 0 0 0 0 0 0 0 0 0 0 0 0 0 0 0 0 0 0 0 0 0 0 0
"86" 99 42 2 80828 81074 82022 83333 84968 86710 88919 90535 92318 93794 95377 96332 97594 97652 97513 97498 98725 99686 101787 104025 106601 108207 109752 111059 112285 112485 112644 112998 112630 112526
"87" 99 42 99 80828 81074 82022 83333 84968 86710 88919 90535 92318 93794 95377 96332 97594 97652 97513 97498 98725 99686 101787 104025 106601 108207 109752 111059 112285 112485 112644 112998 112630 112526
"88" 99 80 1 0 0 0 0 0 0 0 0 0 0 0 0 0 0 0 0 0 0 0 0 0 0 0 0 0 0 0 0 0 0
"89" 99 80 2 3451615 3451836 3452057 3452269 3452407 3452487 3452508 3452544 3452531 3452532 3452666 3452913 3453209 3453490 3453756 3454017 3454150 3454156 3454162 3454520 3454743 3454966 3455251 3455536 3455469 3455469 3455469 3455469 3455469 3455469
"90" 99 80 99 3451615 3451836 3452057 3452269 3452407 3452487 3452508 3452544 3452531 3452532 3452666 3452913 3453209 3453490 3453756 3454017 3454150 3454156 3454162 3454520 3454743 3454966 3455251 3455536 3455469 3455469 3455469 3455469 3455469 3455469
"91" 99 99 99 33843473 33843473 33843473 33843473 33843473 33843473 33843473 33843473 33843473 33843473 33843473 33843473 33843473 33843473 33843473 33843473 33843473 33843473 33843473 33843473 33843473 33843473 33843473 33843473 33843473 33843473 33843473 33843473 33843473 33843473
